jails:
  events:
    world: 88ce072f-baa6-48c4-ad93-6967d5e3d91e
    world-name: world
    x: 261.6076114852707
    y: 3.0
    z: 336.51677642331504
    yaw: -86.1435546875
    pitch: 9.599770545959473
