spawns:
  default:
    world: 88ce072f-baa6-48c4-ad93-6967d5e3d91e
    world-name: world
    x: 75.36871056032139
    y: 87.0
    z: -100.4613269867054
    yaw: -177.82568359375
    pitch: 4.200556755065918
