world: 88ce072f-baa6-48c4-ad93-6967d5e3d91e
world-name: world
x: 298.23541992084455
y: 64.0
z: 358.0119917313432
yaw: -270.483154296875
pitch: -1.1664097309112549
name: DeACoudre
lastowner: 53cf5571-8e11-3ce1-90a0-003267330df2
