world: 88ce072f-baa6-48c4-ad93-6967d5e3d91e
world-name: world
x: 270.30000001192093
y: 101.0
z: 361.69999998807907
yaw: -144.198974609375
pitch: 19.660945892333984
name: Dropper1
lastowner: 53cf5571-8e11-3ce1-90a0-003267330df2
