world: ca245148-85d2-4464-ba2c-7beddd1a9c21
world-name: world_the_end
x: -197.8731046792079
y: 1.0
z: -6.448602911006589
yaw: -267.31134033203125
pitch: 3.8996782302856445
name: EndermanFarm
lastowner: 53cf5571-8e11-3ce1-90a0-003267330df2
