world: 88ce072f-baa6-48c4-ad93-6967d5e3d91e
world-name: world
x: 212.33990826758622
y: 107.0
z: 231.61703336402556
yaw: 175.30563354492188
pitch: 5.043657302856445
name: LaserGame
lastowner: 53cf5571-8e11-3ce1-90a0-003267330df2
